0
0
0
0
0
0
0
0
0
0
0
0
-4467.12
-4467.12
-4467.12
-4467.12
-4467.12
-4467.12
-4467.12
-4467.12
-4467.12
-4467.12
-4467.12
-4467.12
-4467.12
-4467.12
-4467.12
-4467.12
-4467.12
-4467.12
-4467.12
-4467.12
-4467.12
-4467.12
-4467.12
-4467.12
-4467.12
-4467.12
-4467.12
-4467.12
-4467.12
-4467.12
-3801.77
-2884.98
-2884.98
-2884.98
-2884.98
-2884.98
-2884.98
-2884.98
-2884.98
-2884.98
-2884.98
-2884.98
-2884.98
-2884.98
-2884.98
-2651.26
-2021.55
-9892.16
-9226.15
-8453.15
-8852.49
-8852.49
-8852.49
-8852.49
-8852.49
-8852.49
-8852.49
-8852.49
-8852.49
-8852.49
-8852.49
-8852.49
-8852.49
-8852.49
-8852.49
-8852.49
1038.24
1250.24
7689.07
7689.07
7689.07
7689.07
7689.07
7689.07
7689.07
7689.07
7689.07
7689.07
7689.07
7689.07
7689.07
7689.07
7689.07
7689.07
7689.07
7689.07
7689.07
7689.07
7689.07
7689.07
7689.07
7689.07
7689.07
7689.07
7689.07
7689.07
7689.07
7689.07
7689.07
7689.07
7689.07
7689.07
7689.07
7689.07
7689.07
7555.22
7469.54
7405.53
7364.04
7323.3
7396.14
7721.83
8276.13
8940.47
12894.17
16983.31
21308.93
28982.67
37367.37
46423.62
46423.62
46423.62
46423.62
46423.62
46423.62
46423.62
46641.68
46641.68
46641.68
46641.68
46641.68
46641.68
46641.68
46641.68
36091.96
49209.87
47939.22
47820.12
57167.08
52169.95
37116.19
25553.18
25314.14
43419.46
63032.18
63032.18
63032.18
63032.18
63032.18
63032.18
64591.18
64912.06
65238.94
65551.31
65877.61
68151.8
59536.3
59536.3
59536.3
59536.3
59536.3
59536.3
59536.3
59536.3
55887.25
61350.09
72911.92
72336.24
72282.43
72231.46
72712.83
74298.81
74739.06
73067.59
73067.59
73067.59
73067.59
73067.59
73067.59
73067.59
73043.57
77667.24
73313.51
72832.11
70511.67
70957.11
59333.62
59333.62
59333.62
85449.47
137822.8
138534.91
132509.76
129205.37
153913.56
145830.46
145324.61
145324.61
145324.61
145324.61
145324.61
145324.61
145324.61
145324.61
145324.61
132580.07
118457.48
97296.76
91310.38
91310.38
91310.38
91310.38
91310.38
92206.26
92646.54
96024.59
95568.12
95568.12
95568.12
95568.12
95568.12
95568.12
95568.12
95568.12
95568.12
95568.12
95568.12
95568.12
95568.12
95568.12
95568.12
95568.12
95568.12
95568.12
95568.12
95568.12
162626.51
162626.51
159729.53
157798.07
149805.96
145370.25
144126.9
144126.9
134237.1
134237.1
134237.1
134237.1
147062.93
171235.95
175387.75
172781.27
172781.27
172781.27
172781.27
173191.14
164356.61
164356.61
164356.61
171964.56
196120.44
